0 421 0 5.7999 0.307854 -5.44671 -0.632247 -0.115636 4.76885
39 421 0 3.2655 -0.946699 0.359362 2.48199 1.62891 2.7788
56 421 0 2.87397 0.662179 1.12678 1.75325 1.10349 1.03949
16 421 0 12.9121 -7.45701 -10.2561 1.56491 0.1231 4.08372
66 421 0 2.11611 -0.926225 -0.273673 -0.259653 -0.265707 3.42889
31 421 0 4.47536 3.99023 -0.394416 -0.688139 -0.170788 6.18466
26 421 0 5.8405 -2.51462 -2.35276 -4.33301 -1.05274 3.89375
22 421 0 3.88551 2.14777 2.55802 0.680533 0.202361 0.872359
41 421 0 6.04803 0.0711824 1.7029 5.49508 1.88702 1.52902
0 421 0 31.8074 13.8285 -14.1115 24.8569 1.05264 5.48766
0 421 0 6.46305 -4.8043 3.86699 0.508298 0.0823259 2.46387
25 421 0 8.4891 -6.73399 -1.88638 4.43647 0.598095 3.41472
53 421 0 5.27675 -0.831995 3.89728 -2.91296 -0.677847 1.78112
15 421 0 14.4985 10.8136 2.97774 8.996 0.734277 0.26871
33 421 0 4.30845 2.78597 0.381293 2.6792 0.847596 0.136017
0 421 0 10.4641 -4.22437 8.68266 3.57558 0.362325 2.02361
27 421 0 17.1118 -4.2292 -11.4751 11.8225 0.85764 4.35928
39 421 0 9.88389 -5.60425 -6.82232 4.03258 0.442189 4.0247
20 421 0 2.12975 -0.75163 -0.490017 0.503058 0.534803 3.71933
0 421 0 13.5734 10.4847 -6.08269 5.81659 0.463127 5.75749
120 421 0 1.9779 -0.480832 -0.314447 0.322999 0.536146 3.72075
26 421 0 12.985 12.834 -0.260248 0.594618 0.0463055 6.26291
0 421 0 4.36138 -2.4734 1.98364 2.34338 0.684408 2.46564
18 421 0 9.1933 -8.46608 -0.203118 3.0534 0.353171 3.16558
90 421 0 4.42841 0.420927 1.71377 -3.60819 -1.46342 1.32995
0 421 0 8.35725 6.73934 4.29204 -1.58919 -0.197608 0.567085
25 421 0 7.16114 -6.89184 0.553863 -0.00178207 -0.000257746 3.0614
0 421 0 3.63069 1.45102 -0.854049 2.62096 1.22579 5.7512
26 421 0 1.98807 0.564791 -0.394361 0.0143157 0.0207806 5.67364
58 421 0 2.66726 1.78819 -0.16728 -0.641087 -0.349777 6.18991
104 421 0 5.55669 -4.09595 0.67022 3.18953 0.707868 2.9794
0 421 0 23.7008 9.01337 16.7751 13.986 0.680648 1.07775
0 421 0 4.88468 1.12789 -4.36468 -0.244525 -0.0542151 4.96527
74 421 0 6.53636 -4.77478 3.37552 2.24803 0.375556 2.52622
23 421 0 6.94497 1.51285 5.61575 3.30597 0.541567 1.30765
42 421 0 4.82334 -3.84807 1.98876 -1.01201 -0.231559 2.66458
5 421 0 13.1075 12.9249 1.11646 0.176005 0.0135666 0.0861669
53 421 0 9.9821 -6.44286 -6.70143 -3.12167 -0.329789 3.94666
89 421 0 8.64527 -5.4524 3.52793 -5.39334 -0.756295 2.5673
18 421 0 6.36708 0.733902 2.71433 5.3996 1.40743 1.30673
13 421 0 2.60099 0.0586248 1.64763 -0.754563 -0.443043 1.53523
46 421 0 9.0865 1.66163 5.02969 7.14336 1.10771 1.25172
0 421 0 6.22642 -5.29076 0.292255 -2.68572 -0.487331 3.08641
6 421 0 9.85298 8.49212 4.63399 -0.116973 -0.0120909 0.499521
0 421 0 9.12873 -7.29853 5.01458 1.20061 0.13517 2.5396
33 421 0 8.412 -2.5618 -7.42658 -2.35948 -0.296 4.38022
5 421 0 19.4843 -4.42437 -14.7189 11.8295 0.708812 4.42039
12 421 0 13.2395 -6.94211 11.1004 -0.628216 -0.0479649 2.12968
66 421 0 5.73193 -4.41612 -2.08824 -2.34831 -0.463903 3.5833
16 421 0 13.632 2.10151 -9.21619 -9.64356 -0.895575 4.93658
0 421 0 3.67823 1.96006 1.86836 1.64896 0.576483 0.761449
23 421 0 12.6521 -1.25863 -9.40617 -8.15711 -0.778495 4.57937
18 421 0 4.32055 2.17186 1.11905 3.03647 1.0431 0.475773
79 421 0 7.61753 -0.122905 -6.14167 4.10047 0.62585 4.69238
32 421 0 4.66382 4.16516 -0.845253 -0.458878 -0.107761 6.08297
86 421 0 2.46448 0.0911253 -1.05611 -1.21338 -0.980061 4.79846
1 421 0 13.8923 -10.1479 6.76998 -6.37998 -0.501685 2.55327
17 421 0 7.6505 0.476762 -6.70263 3.14641 0.452632 4.7834
1 421 0 19.6096 10.7251 6.75403 -14.8465 -0.997505 0.561999
30 421 0 3.88748 0.707902 -1.25256 3.09271 1.50859 5.2268
44 421 0 16.3037 11.4337 2.14798 -11.2691 -0.859036 0.1857
24 421 0 8.5728 6.67745 4.49147 2.29207 0.281102 0.592121
42 421 0 3.81158 -0.688546 2.51692 2.05949 0.724259 1.83783
12 421 0 9.69382 4.43927 -6.57881 -5.24448 -0.620262 5.30599
33 421 0 7.51129 -4.60199 -0.0496452 -5.63566 -1.03159 3.15238
18 421 0 12.6207 11.3829 -3.53706 -3.70446 -0.305985 5.98191
35 421 0 4.34302 0.833405 -0.65449 3.7764 1.98308 5.61746
34 421 0 10.564 -1.02842 0.793477 -10.3167 -2.7693 2.48444
31 421 0 1.97 0.000315828 0.473983 0.422519 0.802477 1.57013
28 421 0 4.08889 -1.36211 -2.00831 -2.71158 -0.962011 4.11642
0 421 0 12.1868 -0.401025 2.46346 11.7818 2.25609 1.73217
92 421 0 6.82052 4.60489 0.0434826 4.67278 0.891728 0.00944242
81 421 0 6.96872 4.06489 -5.22049 -1.14387 -0.172034 5.37397
21 421 0 3.06063 1.34705 -0.936203 -1.78849 -0.943776 5.67582
20 421 0 13.5798 -6.68953 11.4678 -2.16198 -0.162134 2.09887
5 421 0 24.9328 18.2298 -1.6037 16.8306 0.823433 6.19544
41 421 0 4.56902 -0.501571 -3.66201 -1.93297 -0.501655 4.57627
40 421 0 10.3402 7.74427 -0.135967 6.59166 0.772026 6.26563
22 421 0 7.20351 4.80925 1.25283 4.86973 0.867069 0.25484
24 421 0 18.7225 -12.9054 -11.8418 6.34634 0.354842 3.88404
55 421 0 11.8847 -7.73635 -3.68348 8.02173 0.835525 3.58596
17 421 0 8.90199 4.44993 -1.97349 -7.21601 -1.18494 5.86576
0 421 0 9.82749 4.19729 6.56429 -5.69163 -0.677469 1.0019
4 421 0 3.63739 0.539669 -2.83358 1.19689 0.403867 4.90059
27 421 0 10.5211 -5.6973 6.21628 6.00961 0.663041 2.31266
60 421 0 4.85896 -4.06167 -0.612314 -1.80545 -0.426494 3.29122
9 421 0 7.03499 5.81774 3.48099 -0.223547 -0.0329674 0.539198
0 421 0 2.3528 0.427442 0.824668 -1.09325 -1.00115 1.0926
30 421 0 6.81028 0.959824 4.31804 4.83068 0.945 1.35207
0 421 0 12.5025 1.7529 6.81469 10.1648 1.16362 1.31903
1 421 0 12.7807 -1.07761 -11.2604 5.64912 0.480676 4.61698
43 421 0 4.65973 -0.663407 1.42558 -3.97028 -1.65648 2.00635
25 421 0 3.42839 2.30326 0.534965 1.63857 0.646897 0.228218
0 421 0 16.3724 -10.3887 6.69586 -10.5745 -0.775476 2.56907
68 421 0 3.50951 2.10931 0.0255099 -2.09503 -0.876528 0.0120934
42 421 0 3.99927 -1.24995 -3.30643 0.147098 0.0416023 4.35096
25 421 0 6.67342 -2.0799 -3.4057 -5.01317 -1.05149 4.16413
118 421 0 7.36634 6.46458 0.263309 -2.98749 -0.446741 0.0407085
4 421 0 4.13898 -2.24437 2.62205 1.31952 0.373562 2.27874
56 421 0 5.2523 1.48653 -2.35636 -4.04312 -1.16738 5.27519
69 421 0 5.50214 3.81931 2.02752 -2.84567 -0.617996 0.48803
44 421 0 3.77919 2.45187 2.13308 -0.492799 -0.151061 0.71598
23 421 0 15.6256 -9.53923 -12.2264 0.444329 0.0286486 4.04983
35 421 0 18.4873 11.6193 14.2051 1.22991 0.0669681 0.885198
0 421 0 7.94004 0.791715 -7.45867 1.81879 0.240171 4.81814
17 421 0 6.88146 -1.89173 4.62362 4.34974 0.786934 1.95916
88 421 0 1.96665 -0.440133 -0.148345 -0.417484 -0.808019 3.46668
82 421 0 4.20895 -2.90383 0.514478 -2.35387 -0.731245 2.96624
82 421 0 12.4657 7.24482 -9.84948 1.5539 0.126748 5.34658
55 421 0 5.3992 -2.58232 -2.08309 3.82962 0.986366 3.82039
63 421 0 3.49985 -1.82249 -1.16002 2.02586 0.83666 3.70842
45 421 0 5.49153 0.905354 2.84064 -4.21785 -1.1465 1.26226
47 421 0 2.35451 -0.0283943 -1.07127 0.957892 0.804287 4.68589
0 421 0 10.0702 8.81447 4.35237 -1.13713 -0.115418 0.458656
24 421 0 4.97634 -0.21789 3.05148 3.45358 0.969646 1.64208
16 421 0 14.0588 13.8664 -0.940686 -1.00531 -0.0722707 6.21545
58 421 0 3.18765 0.725578 1.68322 -1.8231 -0.87757 1.1638
10 421 0 4.12758 -1.38203 2.97868 -1.66634 -0.487876 2.00521
0 421 0 15.2763 -9.3717 -9.43695 -7.28037 -0.523205 3.93046
23 421 0 3.47379 -1.36742 0.314758 2.57304 1.3667 2.91535
32 421 0 3.53376 2.81869 -1.02815 0.0872748 0.0290841 5.93342
24 421 0 7.13887 -6.86492 -0.167931 -0.574901 -0.0836223 3.16605
12 421 0 7.07393 3.03454 3.29196 5.1495 0.98367 0.826065
0 421 0 14.6671 8.15515 4.26464 11.2673 1.03145 0.481829
0 421 0 11.0611 -9.69844 4.93628 0.666288 0.061188 2.67079
31 421 0 7.49542 6.02592 -3.98405 0.720525 0.0995775 5.69901
13 421 0 6.68373 3.80659 3.38203 -3.9072 -0.706949 0.726407
32 421 0 6.97004 -2.22872 -5.71953 2.72463 0.430449 4.34082
34 421 0 3.1082 -1.78678 -1.60934 0.632917 0.260252 3.87479
0 421 0 18.0087 -11.9783 13.2809 0.988061 0.0552181 2.30467
0 421 0 4.07453 1.33607 0.292816 3.35461 1.62948 0.215751
69 421 0 8.35895 1.79486 1.42833 -7.81872 -1.9403 0.672166
64 421 0 3.90937 3.05803 -0.812864 -1.33908 -0.411485 6.02338
5 421 0 11.8292 -10.0679 -2.90245 5.1638 0.474788 3.42227
18 421 0 11.3473 -3.11318 5.25148 9.38153 1.21496 2.10592
4 421 0 14.1521 0.180289 8.39741 11.2364 1.10127 1.54933
11 421 0 14.8386 12.3609 -3.44435 -7.21454 -0.536177 6.01143
16 421 0 6.21704 -0.043032 -5.39306 -2.46717 -0.442841 4.70441
60 421 0 4.05162 0.539629 2.51381 -2.51544 -0.865989 1.35934
34 421 0 3.41848 0.929966 0.66545 -2.62691 -1.56916 0.621095
0 421 0 6.20704 -0.0141222 -1.96987 5.58291 1.76463 4.70522
29 421 0 7.63381 5.52539 -3.81262 3.11953 0.44941 5.67919
0 421 0 13.1177 4.85704 11.3631 3.98557 0.317175 1.16686
23 421 0 8.75317 6.06265 -5.54092 -2.38387 -0.286319 5.54272
0 421 0 13.2994 -12.1514 4.45093 -2.43496 -0.187067 2.79048
0 421 0 20.5211 -2.97541 17.1103 -10.7715 -0.586089 1.74297
27 421 0 19.2219 7.94986 12.8625 -11.72 -0.713092 1.0172
3 421 0 8.82839 3.75767 7.76199 -0.30694 -0.035585 1.11994
42 421 0 15.7789 -0.0175022 -2.68065 15.4372 2.4513 4.70586
10 421 0 12.9201 0.137698 8.03464 9.94368 1.03971 1.55366
0 421 0 18.5693 -10.2221 7.24045 -13.5803 -0.93962 2.52531
1 421 0 4.26916 -0.553996 -0.203297 -3.79469 -2.56017 3.4933
0 421 0 4.66093 3.54933 -0.913348 2.19423 0.567715 6.03132
12 421 0 6.80725 2.50574 3.94851 -4.58164 -0.866961 1.00532
33 421 0 7.39979 -5.91492 -2.04504 3.48006 0.53078 3.47447
0 421 0 6.6638 -0.499696 -5.22923 3.65158 0.648676 4.61712
51 421 0 9.29145 7.7646 2.3961 -4.10158 -0.48546 0.299321
27 421 0 4.11207 -2.15747 0.174362 -2.95744 -1.11826 3.06095
0 421 0 9.11177 -5.71332 3.0742 6.11997 0.840701 2.64795
18 421 0 18.058 6.10121 -9.76625 13.7843 1.01407 5.27079
22 421 0 11.4346 -9.13472 4.35304 4.98796 0.474884 2.69689
73 421 0 10.845 -7.05472 -6.28875 4.98177 0.505343 3.86965
16 421 0 11.5532 -7.47041 6.85524 -5.21509 -0.494014 2.39911
33 421 0 8.36326 3.68596 5.78689 -4.40363 -0.604359 1.00365
25 421 0 23.6657 14.6463 0.772232 -18.4791 -1.05379 0.0526768
46 421 0 5.30308 1.25819 -3.24121 3.54353 0.894869 5.08267
31 421 0 12.6153 6.82 -7.51111 7.26211 0.665565 5.4496
38 421 0 8.73873 1.72454 -8.17273 1.7664 0.209931 4.92035
40 421 0 6.98573 -0.539508 2.57547 6.19667 1.59196 1.77729
43 421 0 8.3648 4.82965 1.81325 -6.31499 -1.03132 0.359157
21 421 0 17.5292 -5.27269 -9.00257 13.9623 1.10158 4.18256
19 421 0 18.2773 -8.28085 -1.5213 16.115 1.40451 3.32328
0 421 0 10.2773 2.68808 9.59703 1.67802 0.167583 1.2977
0 421 0 7.23613 -1.58201 3.35714 5.92547 1.2472 2.01117
18 421 0 6.60625 2.26401 -4.13558 4.23509 0.807578 5.21327
90 421 0 4.25893 1.90011 -3.32269 -0.100546 -0.0262654 5.23186
0 421 0 14.2931 -6.08886 -10.1589 -7.78055 -0.617021 4.17244
16 421 0 4.80066 -0.679438 3.65258 2.40117 0.608121 1.75471
17 421 0 11.1997 6.62171 8.83759 0.0604738 0.00547613 0.927765
9 421 0 17.7254 3.40445 -7.3567 -15.6526 -1.41231 5.14581
37 421 0 4.29458 2.42943 2.99887 -0.265143 -0.0686457 0.889918
60 421 0 6.26982 -3.27302 -1.68433 -4.72052 -1.06768 3.61686
35 421 0 9.36726 0.591377 6.15696 -6.78306 -0.948086 1.47504
0 421 0 7.72712 0.363539 4.80106 -5.74875 -1.01211 1.49522
35 421 0 7.32552 -0.306685 -5.0042 -5.00494 -0.880153 4.65118
0 421 0 2.9973 0.138776 1.9653 1.27456 0.60864 1.5003
9 421 0 5.05186 2.79806 3.31033 1.80448 0.405138 0.869065
0 421 0 6.47269 -0.501404 5.81633 2.08254 0.349564 1.65679
11 421 0 28.7094 24.7017 3.23466 -14.1463 -0.541051 0.130208
0 421 0 11.4686 -6.49983 -8.53753 3.59372 0.328952 4.06168
33 421 0 17.9436 13.7314 4.57902 10.4393 0.669952 0.321873
54 421 0 8.55164 -3.63862 3.088 6.84675 1.15797 2.43787
0 421 0 12.3821 -9.98354 7.07986 0.209017 0.017077 2.52475
39 421 0 3.4103 -2.48808 1.34411 -0.394018 -0.138884 2.64629
44 421 0 4.41666 0.758785 2.33151 3.16505 1.07287 1.25616
27 421 0 15.5699 14.3791 -2.34566 -5.16562 -0.34752 6.12148
57 421 0 4.54274 -2.60215 -1.53939 2.83159 0.835797 3.6758
66 421 0 7.0356 -2.15494 5.02693 -4.01349 -0.680149 1.97578
15 421 0 7.19209 -5.31033 -1.42488 -4.24483 -0.710689 3.40374
0 421 0 10.3929 -5.22704 -8.28748 2.92052 0.293822 4.14969
2 421 0 7.27473 2.21902 -1.67015 -6.45991 -1.58058 5.63799
24 421 0 3.94018 -1.80703 1.26699 2.67894 1.02482 2.5301
22 421 0 8.77886 3.82673 7.04766 3.04586 0.371219 1.07336
13 421 0 12.3654 -2.92208 7.4527 9.23814 0.986211 1.94446
15 421 0 7.69516 -7.4069 -0.789264 0.502678 0.0674331 3.24775
26 421 0 4.50834 0.490292 -2.54907 3.17951 1.0318 4.90241
0 421 0 26.5998 -15.89 17.7579 11.6719 0.472083 2.30074
0 421 0 11.2709 0.552661 -10.9975 -1.51823 -0.137445 4.7626
29 421 0 10.7668 1.78149 -9.62109 4.08749 0.406461 4.89548
0 421 0 3.02076 -0.116892 -1.31737 1.97437 1.19079 4.62389
1 421 0 6.82239 -0.957399 0.919747 6.42683 2.28075 2.37625
35 421 0 14.0351 -9.39792 -9.58528 -3.64791 -0.268511 3.93686
29 421 0 14.3412 -3.55494 13.2744 -3.65314 -0.262798 1.83246
