# N	pid	stat 	E 	Px	Py	Pz	Eta	Phi
64 -421 0 2.69619 -1.58624 -0.78981 0.807338 0.441161 3.60357
22 -421 0 6.95384 -2.37314 2.24781 -5.84755 -1.34506 2.38331
3 -421 0 3.49362 0.420755 -2.9241 0.0172563 0.00584121 4.8553
37 -421 0 13.7461 4.8227 9.0059 9.00627 0.795123 1.07915
37 -421 0 14.4742 -13.2462 -5.38704 -1.24307 -0.0868209 3.52785
11 -421 0 3.12293 0.0596649 -1.63433 1.89745 0.990258 4.74888
24 -421 0 14.4748 7.35821 -4.68928 11.3978 1.08227 5.7158
58 -421 0 7.6483 -6.65432 2.96998 1.38493 0.188928 2.7218
2 -421 0 12.9973 -8.59877 -7.69329 -5.68556 -0.474734 3.87147
4 -421 0 2.7843 -1.36401 -1.05054 -1.14475 -0.623682 3.79789
39 -421 0 3.55868 2.79921 1.1544 -0.13502 -0.0445772 0.391151
77 -421 0 4.03663 1.36149 1.54128 -2.93045 -1.15241 0.847256
29 -421 0 6.12484 2.12881 3.63892 -4.03267 -0.85031 1.04147
8 -421 0 16.24 2.90217 -7.15162 14.1666 1.36756 5.09789
14 -421 0 2.58979 0.94273 -1.09235 1.07114 0.687017 5.4244
49 -421 0 9.47662 4.69455 -5.9994 5.3195 0.651268 5.37637
27 -421 0 18.2251 14.7929 0.109165 -10.4804 -0.659579 0.00737943
39 -421 0 9.86889 -7.16548 6.49849 0.585494 0.0604894 2.40497
46 -421 0 27.0582 -4.78903 -15.0441 -21.8952 -1.1303 4.4042
14 -421 0 2.83514 0.595195 -2.05068 -0.0270502 -0.0126677 4.99487
58 -421 0 5.56737 3.5534 2.70095 -2.75611 -0.583768 0.649935
40 -421 0 10.723 -6.62953 8.06 -1.60934 -0.153603 2.25912
33 -421 0 5.55005 1.82215 4.70649 -1.36162 -0.266623 1.20141
4 -421 0 11.4798 7.58964 -4.57803 -7.05316 -0.729351 5.74042
14 -421 0 26.547 -9.11004 -6.56745 23.9819 1.50261 3.76621
22 -421 0 6.62499 -5.55914 -2.19071 2.17013 0.355643 3.51698
20 -421 0 4.72591 1.08016 -4.20129 0.197293 0.0454654 4.96404
14 -421 0 2.15099 1.00742 0.0735041 0.358844 0.348178 0.0728335
54 -421 0 2.61014 -0.786902 0.934237 1.35761 0.958025 2.2708
34 -421 0 6.76625 -1.08288 1.23929 6.29254 2.051 2.28894
6 -421 0 42.1491 17.8624 5.23726 -37.7699 -1.45656 0.285206
15 -421 0 6.72644 -4.06297 5.01586 -0.317483 -0.0491646 2.25162
53 -421 0 5.19448 4.15862 1.27266 -2.14267 -0.474655 0.29698
119 -421 0 1.97835 -0.283576 0.383714 0.456639 0.850679 2.20724
124 -421 0 2.88471 2.15436 -0.44442 0.0715634 0.0325272 6.07975
58 -421 0 14.8324 -0.530281 -12.7616 -7.30636 -0.544697 4.67086
12 -421 0 10.9233 -4.68015 5.9619 7.64145 0.887146 2.23633
28 -421 0 11.763 6.21063 4.46671 8.73878 0.978514 0.623498
41 -421 0 16.0672 10.9308 -9.68565 6.43299 0.42735 5.55811
29 -421 0 10.7344 -4.51582 3.4602 8.90979 1.23089 2.48778
63 -421 0 1.97146 -0.418424 -0.483063 -0.0225965 -0.0353502 3.99857
4 -421 0 13.9591 -12.4604 -4.99142 -3.34654 -0.246801 3.5226
97 -421 0 4.87894 -0.94348 -1.96091 3.94854 1.35747 4.26394
20 -421 0 11.9075 0.279727 -10.2435 5.77092 0.536984 4.73969
36 -421 0 3.31646 -0.679213 2.57557 0.652963 0.24275 1.82864
2 -421 0 5.5742 0.407944 -3.22902 -4.12322 -1.05808 4.83806
15 -421 0 6.46325 2.25171 -5.59058 1.40394 0.230885 5.09528
1 -421 0 3.62261 -1.62908 -1.09778 2.40551 1.03158 3.73456
9 -421 0 2.6344 -1.04588 0.581627 -1.42484 -1.00995 2.63407
67 -421 0 3.19513 -2.19771 0.701062 1.18734 0.494328 2.8328
77 -421 0 3.17027 0.492521 -1.44341 2.06079 1.1093 5.04122
30 -421 0 5.10893 2.02311 4.30431 -0.0592562 -0.0124588 1.13142
8 -421 0 3.58733 -2.15417 -2.16735 0.230998 0.0755217 3.93004
45 -421 0 4.19653 -2.34362 1.79577 -2.32719 -0.723432 2.48778
26 -421 0 4.69691 3.05381 -2.84563 -1.07698 -0.255233 5.53306
3 -421 0 11.2019 8.89065 -6.09098 2.42107 0.222804 5.68253
38 -421 0 5.79258 -2.34179 4.89021 0.823575 0.151317 2.0174
60 -421 0 15.1113 -10.8188 -9.97332 -2.89119 -0.195244 3.88635
8 -421 0 4.38981 -0.301971 1.5855 -3.63151 -1.55016 1.759
58 -421 0 3.2699 -0.192997 1.37807 -2.29743 -1.27572 1.70994
99 -421 0 14.8092 9.3088 -0.129357 11.365 1.0292 6.26929
74 -421 0 2.40558 -1.0096 -1.12244 0.173098 0.114408 3.97987
34 -421 0 6.20319 0.352293 1.70914 5.65298 1.89155 1.36752
38 -421 0 2.37252 -0.501815 -1.20623 0.666596 0.490347 4.31815
29 -421 0 27.1261 15.6559 -0.228832 -22.0723 -1.1436 6.26857
52 -421 0 2.77886 -0.300898 -1.89673 -0.745788 -0.379188 4.55506
9 -421 0 15.5276 -6.11709 -8.92391 -10.9807 -0.891891 4.11148
11 -421 0 15.0028 -11.3573 7.60719 -5.89477 -0.418875 2.55142
31 -421 0 8.53242 7.43668 2.8183 2.46523 0.305222 0.362249
12 -421 0 7.87889 3.08306 -1.75745 -6.78273 -1.40324 5.76509
17 -421 0 10.9855 -1.92957 6.79505 8.20419 0.991062 1.84748
13 -421 0 2.7561 -0.404628 1.24023 1.55452 1.01058 1.88616
4 -421 0 13.0373 3.38835 -9.29076 -8.28816 -0.762136 5.0621
80 -421 0 2.07919 -0.889967 0.219094 0.0725717 0.0790976 2.90021
85 -421 0 6.80828 2.48664 4.61391 -3.92473 -0.692191 1.07648
14 -421 0 9.22675 5.19817 -7.38414 0.329921 0.0365267 5.32577
6 -421 0 15.0555 4.04575 -13.752 -4.20769 -0.28947 4.99851
17 -421 0 13.4125 -9.16493 -7.66278 -5.80531 -0.46861 3.83796
8 -421 0 2.21974 0.937239 0.313186 0.687783 0.649394 0.322493
4 -421 0 25.157 3.47984 16.0401 -18.9739 -0.987505 1.35716
8 -421 0 5.54563 -1.83247 1.90096 4.50606 1.30416 2.33785
25 -421 0 12.8524 0.764461 9.71508 8.16939 0.762302 1.49227
29 -421 0 2.64712 0.207645 -1.83842 -0.326589 -0.17562 4.82486
89 -421 0 4.25785 -1.68562 -2.89932 -1.84506 -0.525615 4.18577
6 -421 0 7.66387 1.05661 7.01793 -2.2112 -0.306735 1.42136
2 -421 0 8.74879 2.86761 -5.24899 6.10643 0.896098 5.2124
6 -421 0 2.60845 0.794568 1.07862 1.23757 0.826432 0.935895
9 -421 0 12.7961 -11.2358 5.60294 -1.62119 -0.128768 2.67901
16 -421 0 54.0587 1.39706 1.70658 53.9817 3.89126 0.884798
27 -421 0 13.8934 0.0376726 10.6229 8.75782 0.751624 1.56725
5 -421 0 14.7136 14.1806 -3.44838 0.169913 0.0116425 6.04464
9 -421 0 2.93008 1.91049 1.20409 -0.0887898 -0.0393075 0.562367
63 -421 0 5.56938 1.59436 -0.0238141 -4.99975 -1.86046 6.26825
26 -421 0 26.6099 -7.00948 -0.329038 25.6002 2.00566 3.1885
8 -421 0 2.83637 0.211559 0.362056 -2.09559 -2.31193 1.04198
18 -421 0 19.0174 -1.89724 10.1739 15.8454 1.21187 1.75516
14 -421 0 8.60049 0.578739 -7.27349 4.15358 0.542286 4.79179
5 -421 0 11.7748 -3.42173 10.286 4.20194 0.378522 1.89194
16 -421 0 24.7322 -1.338 2.90536 -24.4535 -2.73144 2.00237
17 -421 0 12.4375 8.51401 -0.918154 8.82511 0.902822 6.17576
20 -421 0 8.51149 2.80691 -0.768065 -7.77809 -1.70956 6.01609
55 -421 0 10.3413 -7.59618 -3.75659 5.62596 0.622828 3.60086
13 -421 0 19.7556 -5.56178 -18.398 4.1699 0.215286 4.41882
52 -421 0 4.57827 2.83604 -0.325191 3.05515 0.930185 6.16902
60 -421 0 7.50476 -1.14091 -7.15574 -0.58092 -0.0800842 4.55428
6 -421 0 3.37806 2.63423 -0.140023 0.987317 0.366045 6.23008
52 -421 0 14.0441 13.1125 1.58973 -4.39242 -0.326702 0.120649
27 -421 0 2.72389 -1.50548 -1.17515 0.542621 0.28043 3.80438
34 -421 0 6.01188 1.59085 0.0934189 5.48866 1.95028 0.0586553
49 -421 0 7.80199 -6.98901 2.65739 1.21882 0.162293 2.77825
42 -421 0 5.23629 1.38504 -4.46651 -1.43977 -0.303217 5.01308
73 -421 0 4.19893 -0.720477 1.95731 -3.13098 -1.19541 1.9235
42 -421 0 8.30641 -7.90906 -1.65492 -0.476155 -0.0588935 3.34786
26 -421 0 12.7329 -9.16591 6.11538 -6.10219 -0.52881 2.55323
7 -421 0 18.3409 -16.8412 4.67587 -5.23632 -0.29528 2.87077
42 -421 0 8.04355 -3.28461 -6.59755 -2.62768 -0.349387 4.25046
41 -421 0 15.3865 9.53708 3.71033 11.3377 0.955657 0.371025
23 -421 0 7.06048 -3.57504 5.78325 0.381737 0.0561163 2.12447
32 -421 0 12.8611 -6.49681 -10.0239 4.38651 0.35943 4.13733
3 -421 0 5.82699 -2.87279 4.51434 1.3579 0.251122 2.13753
8 -421 0 9.68949 -5.70846 2.22661 7.27074 1.00737 2.76969
35 -421 0 2.42233 0.0399251 -1.44144 0.55734 0.377479 4.74008
33 -421 0 5.10757 3.9464 2.33079 -1.26607 -0.272838 0.533487
4 -421 0 14.0821 -5.1423 -7.3347 10.7045 1.01277 4.10093
6 -421 0 4.37812 0.114874 2.7079 2.88864 0.927133 1.5284
24 -421 0 19.7993 1.42112 -17.1217 -9.66249 -0.536323 4.7952
43 -421 0 8.15798 2.7952 6.39937 3.78283 0.518199 1.15898
50 -421 0 3.36338 -1.20008 -2.36195 0.903134 0.334611 4.24229
21 -421 0 7.33969 1.5807 3.23221 6.11942 1.30121 1.11595
67 -421 0 7.37736 -1.68368 -4.66541 -5.13292 -0.905823 4.36605
19 -421 0 17.1563 -1.42185 13.094 10.8345 0.750222 1.67896
32 -421 0 3.87145 -2.08321 -0.94435 2.50578 0.947342 3.5672
10 -421 0 13.0189 8.91116 -9.27191 0.798922 0.0620852 5.47795
29 -421 0 9.03016 -7.46434 0.970271 -4.62691 -0.581386 3.01233
23 -421 0 5.74792 4.84828 0.737879 2.34745 0.462053 0.151035
42 -421 0 8.37867 -3.2249 1.10433 7.42326 1.5204 2.81167
45 -421 0 6.79987 1.10637 0.672249 -6.40976 -2.30282 0.546003
16 -421 0 5.49969 3.29442 -2.74913 -2.891 -0.631044 5.58777
13 -421 0 10.3233 -5.69228 8.21167 1.8051 0.179692 2.17694
34 -421 0 8.83689 -6.74438 4.94934 -2.15183 -0.25447 2.50851
46 -421 0 2.54676 0.561175 -1.45568 -0.757876 -0.468463 5.08034
46 -421 0 6.05265 -1.70571 4.88866 2.51961 0.469219 1.9065
55 -421 0 7.57668 2.096 -4.14801 -5.6859 -1.03089 5.18027
66 -421 0 7.47454 5.18485 -4.97898 -0.847406 -0.117614 5.51804
39 -421 0 16.4389 10.4894 5.11281 -11.4277 -0.866667 0.453539
37 -421 0 2.01529 0.682147 0.342517 -0.0323185 -0.0423273 0.465339
47 -421 0 4.13769 -0.0568323 -1.20117 3.49237 1.78772 4.66511
7 -421 0 12.6227 8.84402 7.75786 4.17791 0.348061 0.720067
45 -421 0 5.7386 2.36453 4.55632 -1.76146 -0.336741 1.0921
49 -421 0 6.84376 -0.00922281 2.11353 6.23639 1.80273 1.57516
19 -421 0 2.83749 0.451081 -1.54457 1.4087 0.790519 4.99653
26 -421 0 4.26864 -2.02229 2.00223 2.5778 0.813191 2.36118
19 -421 0 6.88342 -0.610635 5.56022 -3.55173 -0.598569 1.68018
37 -421 0 5.15747 3.30353 3.16098 1.48886 0.320136 0.763352
17 -421 0 17.1803 -10.9717 1.20003 13.0334 1.00367 3.03265
87 -421 0 2.64853 0.516663 1.80616 -0.0886617 -0.0471781 1.29218
71 -421 0 4.83512 2.96115 -2.38101 -2.33733 -0.581761 5.60596
32 -421 0 6.12758 -4.27019 -3.87095 0.922369 0.159359 3.87799
6 -421 0 12.1993 10.6272 -1.57056 5.47192 0.489574 6.13646
7 -421 0 15.5268 7.66333 -13.3502 0.806856 0.0523921 5.23349
22 -421 0 5.3707 1.86116 -4.39102 -1.6192 -0.333308 5.11329
10 -421 0 15.6138 -4.06521 -14.6278 -3.13283 -0.204912 4.44132
43 -421 0 2.37476 1.2433 -0.645216 0.44685 0.313831 5.80449
9 -421 0 21.4285 -6.25103 -18.9259 7.64454 0.37471 4.39338
55 -421 0 17.5324 -8.53894 -3.1554 -14.8674 -1.26644 3.49556
7 -421 0 3.98312 -0.650539 -2.3155 2.56958 0.9289 4.4385
32 -421 0 4.14167 -0.959092 2.57808 2.47172 0.807809 1.92695
21 -421 0 6.45364 -5.76581 1.17018 1.88621 0.315348 2.94136
13 -421 0 15.6691 10.2203 5.40018 -10.4129 -0.809477 0.486089
5 -421 0 2.80178 1.51445 -1.13453 0.889695 0.454374 5.64024
11 -421 0 9.41671 6.525 -4.55583 -4.67606 -0.558151 5.67366
33 -421 0 15.7619 -11.8706 4.31956 9.24073 0.678304 2.7926
7 -421 0 5.54321 4.38248 -0.567496 -2.77872 -0.593365 6.15441
52 -421 0 9.2483 4.86858 2.70995 7.14192 1.06728 0.507912
72 -421 0 2.41592 0.477689 1.08908 -0.971938 -0.746102 1.15745
77 -421 0 2.46015 0.638667 1.46289 0.163393 0.102184 1.15916
34 -421 0 11.7813 -0.751686 -2.54522 11.326 2.15767 4.42522
57 -421 0 11.5506 -3.96807 -7.42578 7.68439 0.81827 4.22163
9 -421 0 6.57178 -2.10597 -4.43099 3.95498 0.737464 4.26871
100 -421 0 2.30212 -0.728794 0.981972 0.571548 0.451849 2.20927
17 -421 0 6.27403 2.09091 -5.5166 -1.03971 -0.175335 5.07468
49 -421 0 18.5219 8.37553 6.35849 15.1328 1.16048 0.649347
12 -421 0 9.11295 2.71225 4.4639 -7.23083 -1.12885 1.02481
138 -421 0 2.41549 -1.37595 -0.584497 -0.349308 -0.231583 3.54329
142 -421 0 6.70642 3.47176 -5.39502 -0.582162 -0.0906181 5.28419
15 -421 0 3.87378 2.76486 -1.97079 -0.0036108 -0.00106345 5.66392
75 -421 0 4.74977 3.53262 2.29537 -1.15522 -0.270889 0.57621
46 -421 0 3.60171 2.88106 -0.299042 -1.05102 -0.355329 6.17976
67 -421 0 4.3044 0.803094 -0.923432 -3.68137 -1.82102 5.4282
4 -421 0 19.4659 15.8906 0.383709 -11.0808 -0.650303 0.0241423
36 -421 0 10.5226 -0.117816 4.6514 9.25195 1.43845 1.59612
46 -421 0 8.11378 1.416 6.05288 4.86963 0.719625 1.34099
9 -421 0 8.98017 7.15507 -1.35719 -4.91209 -0.631645 6.09573
23 -421 0 6.48506 -1.9807 3.89066 4.41792 0.889786 2.04169
40 -421 0 21.2382 -1.13811 -2.46655 -20.981 -2.7416 4.28008
19 -421 0 3.33344 -1.07106 -2.54592 -0.0724597 -0.0262311 4.31417
44 -421 0 19.2854 -1.07504 -0.450708 19.1597 3.49356 3.53858
4 -421 0 18.9697 -18.5616 -1.89945 2.86964 0.153198 3.24357
18 -421 0 7.88887 -0.0434632 -7.04535 -3.01958 -0.416442 4.70622
32 -421 0 8.70339 -1.79337 -7.42903 3.72351 0.469748 4.47552
55 -421 0 8.01315 1.04739 6.20254 -4.60046 -0.678162 1.40351
74 -421 0 5.70793 -3.10898 0.971515 -4.30038 -1.09074 2.83872
11 -421 0 14.075 2.90246 -11.2551 7.71532 0.622742 4.96477
16 -421 0 14.071 10.4518 -6.46825 -6.59061 -0.513351 5.72901
28 -421 0 8.85693 -6.60946 5.53284 0.818687 0.0948376 2.44463
25 -421 0 4.26767 3.26702 1.895 -0.686182 -0.180697 0.525614
25 -421 0 10.7136 -0.289211 10.201 2.67547 0.259256 1.59914
89 -421 0 8.39459 6.32591 2.59133 -4.50103 -0.618272 0.388787
30 -421 0 10.378 -0.41425 -2.31338 -9.93486 -2.14841 4.5352
8 -421 0 14.244 11.7924 -7.72051 0.864715 0.0613111 5.70351
32 -421 0 2.8165 1.9244 -0.825594 -0.264661 -0.126055 5.87792
13 -421 0 11.3619 -5.15764 3.27723 -9.39535 -1.21539 2.57554
69 -421 0 4.5176 -3.6028 0.446975 1.93678 0.510961 3.01816
3 -421 0 19.7889 -14.213 -5.66478 -12.4105 -0.741334 3.52086
26 -421 0 6.99269 -1.72311 -4.60393 -4.61028 -0.836734 4.35426
8 -421 0 2.07833 0.0717759 0.794058 0.453971 0.5424 1.48065
18 -421 0 14.2314 -1.93037 9.57227 10.1833 0.911345 1.76979
31 -421 0 13.6446 5.09207 7.6956 9.87649 0.930222 0.98625
44 -421 0 3.216 -1.23356 -1.35745 1.87099 0.895482 3.97477
2 -421 0 20.9859 -11.3735 -13.4999 11.195 0.597924 4.01227
53 -421 0 5.47054 4.709 0.967472 -1.82714 -0.37147 0.202632
14 -421 0 6.04139 -3.74878 2.19055 3.76416 0.784094 2.61277
56 -421 0 2.77063 -0.238196 -1.3834 -1.49271 -0.925478 4.54188
46 -421 0 5.0194 4.27888 0.0498195 1.84535 0.418883 0.0116426
18 -421 0 7.74385 1.08498 -0.700726 -7.40418 -2.44684 5.70974
30 -421 0 16.9468 0.951292 1.67994 16.7328 2.85601 1.05555
45 -421 0 7.92849 7.41181 1.90692 0.901105 0.117472 0.25182
16 -421 0 7.43517 4.78644 -4.19435 3.36178 0.506324 5.56362
64 -421 0 2.55617 -1.17832 0.0929054 -1.2881 -0.943456 3.06291
29 -421 0 2.42918 -1.0769 0.852461 -0.732698 -0.510945 2.472
15 -421 0 4.29286 -3.16039 0.737026 2.10229 0.609394 2.91248
26 -421 0 3.22472 -1.28491 -1.4318 -1.79445 -0.833018 3.98101
6 -421 0 4.29933 -3.08144 -0.821568 2.19917 0.64412 3.40215
14 -421 0 4.4911 -2.60394 2.46124 1.96316 0.523641 2.38436
25 -421 0 8.54249 0.0668703 6.55805 -5.14626 -0.720663 1.5606
30 -421 0 3.12462 -1.14618 -1.25694 1.84171 0.938644 3.97305
102 -421 0 2.96231 0.690012 -2.00141 -0.903219 -0.414661 5.04439
45 -421 0 5.24203 1.89393 -4.4952 0.455382 0.0932213 5.11114
54 -421 0 7.29985 -0.641325 -4.06206 5.73569 1.13492 4.5558
13 -421 0 11.3305 -8.7091 2.12778 -6.67278 -0.688575 2.90197
42 -421 0 3.18993 2.10964 -1.41174 0.504345 0.1974 5.69344
14 -421 0 2.2627 0.96355 0.0896573 -0.840017 -0.784925 0.0927818
27 -421 0 7.09859 -1.35035 0.785493 6.66871 2.15793 2.61474
10 -421 0 10.3255 2.73352 -2.61303 -9.42547 -1.64444 5.52032
28 -421 0 4.92493 4.20423 0.371355 1.72157 0.397357 0.0881003
16 -421 0 4.16115 -1.58925 1.23412 3.12869 1.22483 2.48132
13 -421 0 3.61304 2.64068 0.693074 1.45698 0.511121 0.256671
103 -421 0 2.78628 1.26451 -0.712546 1.47612 0.893342 5.77004
50 -421 0 14.1741 -0.455357 -9.79421 -10.0644 -0.899974 4.66593
33 -421 0 2.66643 1.82605 0.447586 -0.312093 -0.165245 0.240373
21 -421 0 2.70368 -0.302317 1.79843 0.711655 0.380953 1.73734
35 -421 0 3.65335 -2.18867 -2.0575 0.919629 0.301551 3.89611
101 -421 0 3.49485 0.0921161 0.405781 2.92627 2.64871 1.34757
39 -421 0 3.98766 -1.83995 0.114228 3.00419 1.26458 3.07959
57 -421 0 8.87243 -3.58276 1.90807 7.66585 1.39264 2.65223
70 -421 0 9.26177 3.43423 -2.51378 -8.01182 -1.38982 5.65132
12 -421 0 6.64143 3.08122 -0.410778 5.56492 1.34569 6.15065
55 -421 0 4.82395 -1.59427 3.33564 2.4748 0.627417 2.01665
55 -421 0 7.80555 -1.68348 5.5567 4.87214 0.76294 1.86497
65 -421 0 5.18897 -1.7048 0.918784 4.43818 1.56697 2.64728
36 -421 0 12.0933 -7.47683 -8.30703 4.22607 0.369652 3.97954
34 -421 0 10.5986 -4.10478 5.91055 7.55432 0.916139 2.17781
35 -421 0 4.04543 0.651791 0.89247 3.41564 1.84674 0.940008
26 -421 0 7.01364 -1.65762 2.84615 5.9047 1.34691 2.09818
50 -421 0 4.07669 -0.24459 0.713956 3.5457 2.25147 1.90085
40 -421 0 4.66457 1.22984 -3.69492 -1.76511 -0.439024 5.0337
21 -421 0 8.68508 -3.9383 0.560185 -7.49188 -1.39022 3.0003
15 -421 0 7.68499 4.02319 2.79629 -5.61926 -0.98153 0.607392
39 -421 0 2.81292 -0.140115 1.60157 1.3602 0.768232 1.65806
41 -421 0 3.5964 0.133801 -1.26029 -2.80181 -1.53409 4.81816
27 -421 0 5.4626 -1.34545 1.29417 4.783 1.67004 2.37562
41 -421 0 8.86923 0.324789 1.92666 -8.44789 -2.17038 1.40379
25 -421 0 7.47917 -6.02079 3.64163 1.71725 0.241691 2.59762
46 -421 0 12.1769 9.69027 6.68756 -2.48491 -0.209516 0.604072
50 -421 0 2.30149 -0.408083 0.692791 1.0829 1.10667 2.10312
16 -421 0 9.48753 -2.33189 8.55898 2.80028 0.310648 1.83679
24 -421 0 3.46282 -1.28477 0.0594795 -2.61901 -1.45976 3.09533
10 -421 0 4.37666 1.26371 2.57607 2.72844 0.846221 1.11473
10 -421 0 8.99955 8.60932 -1.69251 0.727469 0.0828162 6.08907
